$ANSIBLE_VAULT;1.1;AES256
63343935383030633866393264633433333361623762316362613063396337373838646264353130
3837353137343331376264623336656166663562636234380a343532653230326465313265363063
39373566663363633231646632396436383438613265613761643661336639333237623962356163
6266656135363562640a366261626435323165393437323038616439636436353730666639353935
36313166306438396163643965666539363137326331363237643239396636316563316331663861
64396464363939643531613631663935326336313031326437663066326339653936356437623631
61653735383261383263353433666239353162666465633134666565386464656361643962613436
63636530303639366538653961643734333262633232306465643435326666616362373166396165
64666133306532663533643862313136626665356136356564616639316333303238393166613930
35633539326661643839393035353866623538356136396236626264333564386166393038376533
38646639336336653331333233626262363939326535343037613962633134643039316364333566
66396136306631663461633165616636343231333136626538656663363738613861643366633735
37346466643235343864616634333939653935353361393435613634643537366362313538643438
66343434643030616465313437316533373666306662313030386634393937363163333166396138
36323261303537623735353663366539326635353565306462306633376236616562363564343262
65663538373333306664396565646235316534646137616364303338323132393039396134643934
63336164386433613635626262333831383039626431626635343531623235663332633763643731
33623830656536333634633235336134633231643534346362626339663236323131316135366162
39346166636666356132373439353832303735376439323332323534306130653936643138393865
38316331313462336636383034653238306137666562656635323235353731356262353232303735
36336463353465613433623930633533376135613933623838393134663331656638383038363430
31336665393063326437366135643138633961393461666465626336333337633765316132313639
63383161383135613936656565363037363366653037376265356265386666316562383930373437
65383339326138653530376231303136323062353732383132656365383966323433363739363135
32396636333533613837333563613731363431616561333965626466363230313164353961313061
32333237383034613435633166663566383935663261353134373536333535303934616639303636
34646630636166376339306338626433666332333731633333666535366462663437646630343537
36386232323665363264663366333632363835613833613833343565653530653837656266636538
6165
